1.600000000000000000e+01 8.831465725186825821e+00 6.274003796527404475e+00 4.757536663102378327e+00 1.503996982932195525e+00 2.459365900042172204e-08
1.554867256637168182e+01 8.371296309654951529e+00 6.273293917059859837e+00 4.757632274174575571e+00 1.503733288468236839e+00 2.456898994532053913e-08
1.512068965517241281e+01 7.950948514264643663e+00 6.272770893934326075e+00 4.757720899962959216e+00 1.503518709281091548e+00 2.398208502047651848e-08
1.471428571428571530e+01 2.965982540748260817e+03 6.272377535139579408e+00 4.445497486450805447e+00 1.371811946993408249e+00 1.338071907437455577e-01
1.432786885245901587e+01 6.068461748421073025e+03 6.271518345230521874e+00 4.008247534022903125e+00 1.200161039814014341e+00 3.049483222792124804e-01
1.395999999999999908e+01 8.731790969500278152e+03 6.270980041796645921e+00 3.492922409541415973e+00 1.005009018404655396e+00 4.990709693453549978e-01
1.360937500000000000e+01 1.021549737448260021e+04 6.270199872910728445e+00 2.945041933266983047e+00 8.116092117818831664e-01 6.932310804532003656e-01
1.327480916030534353e+01 1.057932919413749369e+04 6.270209041095733404e+00 2.358005885156345460e+00 6.219600114141797809e-01 8.826321395279359550e-01
1.295522388059701591e+01 1.058775752255211955e+04 6.270262303884811317e+00 1.807345375069208115e+00 4.575382726839065106e-01 1.046102788208980616e+00
1.264963503649635079e+01 1.053313001229430301e+04 6.270188085244292608e+00 1.318127857985649021e+00 3.234624623053884429e-01 1.181053996537904771e+00
1.235714285714285765e+01 1.037152046378571868e+04 6.270040957703971962e+00 9.359988892749500078e-01 2.271015499059426679e-01 1.276090092560968392e+00
1.207692307692307665e+01 1.021235220653707074e+04 6.269723563870696736e+00 6.501672423233556541e-01 1.604111080138742873e-01 1.344276503925981414e+00
1.180821917808219190e+01 9.970192512418125261e+03 6.269304010261650184e+00 4.405196928367018372e-01 1.137983773422074213e-01 1.389294693492765465e+00
1.155033557046979809e+01 9.643486457239849187e+03 6.269215821053504278e+00 3.116915223505282162e-01 8.535482009276389170e-02 1.417790176504306832e+00
1.130263157894736814e+01 9.301910585221990914e+03 6.269019796526489330e+00 2.339525989392614302e-01 6.753527240422427247e-02 1.436153068764161933e+00
1.106451612903225801e+01 8.998334448271492874e+03 6.268801942987556330e+00 1.874666948268330080e-01 5.602423071171909463e-02 1.447029046516685513e+00
1.083544303797468267e+01 8.739970814818711006e+03 6.268887949294509987e+00 1.504665878429865822e-01 4.583095530690341896e-02 1.458693160744476192e+00
1.061490683229813570e+01 8.530587038455594666e+03 6.268908031985473528e+00 1.227639345442747970e-01 3.774345305528640365e-02 1.466582820521678876e+00
1.040243902439024382e+01 8.382857804296652830e+03 6.268765270247535604e+00 1.014681917451631943e-01 3.139664396490365189e-02 1.473061889548797465e+00
1.019760479041916135e+01 8.251551127435075614e+03 6.268597186855773273e+00 8.101296822835385436e-02 2.526677091279655452e-02 1.478204259031171697e+00
1.000000000000000000e+01 8.119787936881481073e+03 6.268581906547431970e+00 6.632051517730176704e-02 2.082621098512381363e-02 1.484333518142318731e+00
9.819672131147541450e+00 8.021816584522429366e+03 6.268505505005721901e+00 5.411992569538295189e-02 1.711857548109218391e-02 1.487350505879383000e+00
9.645161290322580072e+00 7.941188878697466862e+03 6.268419062118529617e+00 4.500192354212254053e-02 1.431153508770689232e-02 1.489090387274236704e+00
9.476190476190476275e+00 7.860236965285881524e+03 6.268548289869078971e+00 3.802059623705595498e-02 1.216006937854766795e-02 1.491227447540922180e+00
9.312500000000000000e+00 7.829458678824566960e+03 6.268200771999358878e+00 3.153449076437711551e-02 1.019256425653681034e-02 1.493601243441848636e+00
9.153846153846155076e+00 7.779527289335323985e+03 6.267998198768768070e+00 2.634153254688501380e-02 8.603777995459660835e-03 1.495763079637060011e+00
9.000000000000000000e+00 7.794589105599377945e+03 6.268203828061027494e+00 2.248601742485582811e-02 7.404051237016170614e-03 1.497419901641569018e+00
8.850746268656715543e+00 7.823592568289591327e+03 6.268277610121306687e+00 1.888965530907169010e-02 6.287741574796177138e-03 1.498771663204536475e+00
8.705882352941177516e+00 7.815728374867134335e+03 6.268210813344841092e+00 1.604657999210759925e-02 5.388878715622872316e-03 1.499702343127622628e+00
8.565217391304347672e+00 7.825980635260893905e+03 6.268058010261420954e+00 1.377428302772514511e-02 4.661748786141239193e-03 1.500338331389827751e+00
8.428571428571428825e+00 7.806059386772539256e+03 6.268135284963607390e+00 1.174171039628572714e-02 4.023590413181074056e-03 1.500865174592447282e+00
8.295774647887323994e+00 7.822423302980215340e+03 6.268291144108696145e+00 1.000143164519958112e-02 3.475870873002391125e-03 1.501262462609338710e+00
8.166666666666666075e+00 7.829157530302147279e+03 6.268253598208198163e+00 8.662818651129231343e-03 3.045149933698717334e-03 1.501521900415973665e+00
8.041095890410957736e+00 7.844446166708907185e+03 6.268251851887244541e+00 7.550025932645648349e-03 2.682383518554009184e-03 1.501743683177051425e+00
7.918918918918919303e+00 7.849900812437542299e+03 6.268254907948913157e+00 6.471325270410664340e-03 2.334750108555629783e-03 1.501949858194608689e+00
7.800000000000000711e+00 7.849656401325617480e+03 6.268301185454177471e+00 5.619868459363840454e-03 2.053775551481526115e-03 1.502118269021549102e+00
7.684210526315789380e+00 7.860696112576903943e+03 6.268323014466094634e+00 4.943490129893719949e-03 1.826033299611117726e-03 1.502276201922769561e+00
7.571428571428571175e+00 7.873734588107444324e+03 6.268279356442260308e+00 4.285996880167126065e-03 1.608278460214622148e-03 1.502399972420339624e+00
7.461538461538461675e+00 7.855795227935401272e+03 6.268142706827659616e+00 3.746455758369304084e-03 1.429372760225282833e-03 1.502516975924215181e+00
7.354430379746835555e+00 7.865368039922199387e+03 6.268139650765991000e+00 3.297177174500860036e-03 1.275727959485612861e-03 1.502617607669153088e+00
7.250000000000000000e+00 7.861253467243304840e+03 6.268127863099556052e+00 2.935907666794452739e-03 1.149052540573831591e-03 1.502706124312477076e+00
7.148148148148148806e+00 7.870990167763218778e+03 6.268104724346923895e+00 2.572831723082326470e-03 1.027033160370914144e-03 1.502800098208780133e+00
7.048780487804878092e+00 7.838763584672132311e+03 6.267847142006301553e+00 2.286309953624363761e-03 9.280344344348832484e-04 1.502836552658681768e+00
6.951807228915662051e+00 7.830452626113923543e+03 6.268059320002135948e+00 2.037604389225467980e-03 8.387879368184925901e-04 1.502939803885049663e+00
6.857142857142857650e+00 7.823673371335125921e+03 6.268018718039970238e+00 1.832355399283245060e-03 7.643085845661768242e-04 1.502988919161863279e+00
6.764705882352941124e+00 7.803205300425697715e+03 6.267890800030135878e+00 1.633867327577909461e-03 6.959322957580117404e-04 1.503014568250865768e+00
6.674418604651162212e+00 7.782642991325869843e+03 6.267628415306892187e+00 1.461361748924385612e-03 6.346976538516161184e-04 1.502998414782047210e+00
6.586206896551725087e+00 7.772827138192748862e+03 6.267578645159721518e+00 1.322152981119491038e-03 5.831742042805440835e-04 1.502996668461093810e+00
6.500000000000000000e+00 7.738108854833471014e+03 6.267673383071441506e+00 1.199111005504792469e-03 5.365451218882901852e-04 1.503005836646098992e+00
6.415730337078652923e+00 7.729298420333799186e+03 6.267513594704207769e+00 1.083265462495600767e-03 4.930766629842109946e-04 1.502953010437259707e+00
6.333333333333333925e+00 7.700267287572796704e+03 6.267608332615928646e+00 9.813828128513600504e-04 4.540376921794749411e-04 1.502908588398008227e+00
6.252747252747252737e+00 7.689337000168965460e+03 6.267566857493285681e+00 8.952751416873186256e-04 4.199271430911915171e-04 1.502817561418313907e+00
6.173913043478260754e+00 7.656491530485387557e+03 6.267437193162498588e+00 8.224589725500158679e-04 3.903619421410886537e-04 1.502675127115554732e+00
6.096774193548387899e+00 7.635380101315302454e+03 6.267237675993575508e+00 7.493363125740037586e-04 3.612243681236589391e-04 1.502498748699264475e+00
6.021276595744680549e+00 7.610284109910833649e+03 6.267434137100829972e+00 6.892694908290821886e-04 3.371520202015666160e-04 1.502324662329225458e+00
5.947368421052632748e+00 7.584595847309790770e+03 6.267365157423172128e+00 6.325839276048960368e-04 3.139537653921661039e-04 1.502035864501562124e+00
5.875000000000000000e+00 7.559843118135497207e+03 6.267386113274612036e+00 5.834167962293885330e-04 2.933022730510006517e-04 1.501700134298276756e+00
5.804123711340205993e+00 7.539070599231838969e+03 6.267211044599036995e+00 5.416051252219872009e-04 2.751301802116073590e-04 1.501259406547670316e+00
5.734693877551021224e+00 7.516082525098883707e+03 6.267021132195358391e+00 5.011481746319028851e-04 2.579403662617411105e-04 1.500572010962400338e+00
5.666666666666666963e+00 7.499861274492020129e+03 6.267097533737067572e+00 4.655090617745602575e-04 2.423801338838855524e-04 1.499509920387573247e+00
5.600000000000001421e+00 7.481644246835056947e+03 6.267084436329917629e+00 4.338229133103671076e-04 2.281740090482565434e-04 1.497951765516929656e+00
5.534653465346535128e+00 7.465772542627366420e+03 6.266863963309554642e+00 4.053660836379648752e-04 2.150718721010943309e-04 1.496195512363138080e+00
5.470588235294117752e+00 7.445939375226513221e+03 6.267006725047492566e+00 3.798822310890885719e-04 2.032010811508679754e-04 1.494826396735696727e+00
5.407766990291261955e+00 7.441820521757651477e+03 6.267140318600425530e+00 3.590363507572794186e-04 1.930781566651083869e-04 1.492934257982721169e+00
5.346153846153846700e+00 7.423866444568823681e+03 6.267078324206581286e+00 3.396480206242669000e-04 1.835758081785403154e-04 1.489438887449493265e+00
5.285714285714285587e+00 7.449864582905190218e+03 6.267077014465865403e+00 3.220158440928137518e-04 1.746527732095308472e-04 1.486533882543563889e+00
5.226415094339623479e+00 7.437812778989988146e+03 6.267184849784736222e+00 3.053743401749525179e-04 1.661358079580566678e-04 1.481960377111749549e+00
5.168224299065420801e+00 7.445138802685706651e+03 6.267069156021575438e+00 2.898094979105470784e-04 1.579925099845533136e-04 1.477894396207008354e+00
5.111111111111110716e+00 7.446898227834660247e+03 6.267033356442031966e+00 2.779556143187941080e-04 1.510809443857602367e-04 1.472466284958639182e+00
5.055045871559633142e+00 7.462703498723748453e+03 6.267010654269637548e+00 2.658956981096789393e-04 1.440251799368823336e-04 1.465794138321113493e+00
5.000000000000000000e+00 7.499684468934988217e+03 6.266999303183441228e+00 2.552209595452016090e-04 1.376301481289917068e-04 1.458344551424159974e+00
4.925925925925926485e+00 7.529760829970296072e+03 6.266957391480559636e+00 2.405461984393256647e-04 1.287884123730671045e-04 1.445972194904718400e+00
4.853658536585365724e+00 7.584539453453306123e+03 6.266968742566756845e+00 2.268512114291288708e-04 1.203312157662829842e-04 1.432165563157262733e+00
4.783132530120481896e+00 7.656253291789169452e+03 6.266841261137161112e+00 2.132542844334035217e-04 1.116104495621781035e-04 1.415195907583017387e+00
4.714285714285714413e+00 7.745303761652761750e+03 6.266917662678871181e+00 2.006410086344729573e-04 1.033584928321500715e-04 1.394013580143947495e+00
4.647058823529412130e+00 7.886695861693616280e+03 6.267025934577979740e+00 1.886647631985752282e-04 9.545636120673734707e-05 1.369334790721054018e+00
4.581395348837209447e+00 8.040760768802317216e+03 6.266959574381751885e+00 1.769735180031065829e-04 8.779564241178856897e-05 1.341414829608707393e+00
4.517241379310345195e+00 8.192865958068396139e+03 6.267045580688705542e+00 1.652761840268480488e-04 8.008958418351830332e-05 1.307043958894615221e+00
4.454545454545455030e+00 8.399573575534346674e+03 6.266884046000518182e+00 1.543319802731473334e-04 7.260801144218130218e-05 1.266166732888507784e+00
4.393258426966291985e+00 8.630208078463247148e+03 6.267099716638259821e+00 1.438255558612267437e-04 6.539883503180462057e-05 1.220841627414169350e+00
4.333333333333333037e+00 8.905289247835871720e+03 6.266894960506476764e+00 1.338759950858342768e-04 5.853005077899899034e-05 1.170308665421705197e+00
4.274725274725274637e+00 9.208270811157646676e+03 6.266925521123161147e+00 1.242745340384438207e-04 5.177641376465383984e-05 1.110610792775840627e+00
4.217391304347826164e+00 9.580450237319824737e+03 6.267089675292777606e+00 1.153501933790242721e-04 4.534194144618726219e-05 1.043466935019988995e+00
4.161290322580645018e+00 9.919468844779521532e+03 6.266982713134384042e+00 1.069963994586956712e-04 3.927321899215894212e-05 9.703931170317935395e-01
4.106382978723404520e+00 1.030044315334709609e+04 6.266953462258414653e+00 9.949086463365935896e-05 3.380746570184331646e-05 8.943793131460714418e-01
4.052631578947369029e+00 1.069976493860097617e+04 6.266864836470031896e+00 9.238142698256705571e-05 2.864456596980890021e-05 8.119626780573511171e-01
4.000000000000000000e+00 1.109164295888627203e+04 6.266883609420280443e+00 8.575777944256841639e-05 2.376677639601868593e-05 7.228304565973900919e-01
3.948453608247422864e+00 1.153062159035412878e+04 6.266748706126632484e+00 7.982932544402312764e-05 1.942852008323709098e-05 6.323412346116018545e-01
3.897959183673469497e+00 1.189336153432464744e+04 6.266774464360694630e+00 7.454697502452356343e-05 1.567975301302125451e-05 5.445643765015745208e-01
3.848484848484848619e+00 1.223854152391535354e+04 6.266838641655731124e+00 6.978996514450875243e-05 1.248912779028985701e-05 4.621963655368995227e-01
3.800000000000000711e+00 1.257561634843701177e+04 6.266806334718094007e+00 6.547213356028484712e-05 9.691294712651942785e-06 3.813877646110534481e-01
3.752475247524752255e+00 1.281350108761529373e+04 6.266866146210746891e+00 6.166055678582691921e-05 7.357249863444958034e-06 3.068238982693958228e-01
3.705882352941176627e+00 1.302298539357357549e+04 6.266815066322860339e+00 5.836014448354427984e-05 5.527296025196155767e-06 2.425468719348835844e-01
3.660194174757281260e+00 1.320095812694557571e+04 6.266781449644508228e+00 5.535131416722724625e-05 4.103949419252858408e-06 1.901943253678035628e-01
3.615384615384614975e+00 1.323842336672241800e+04 6.266933816147689740e+00 5.270607866000325448e-05 3.062648618374532646e-06 1.486951635259127491e-01
3.571428571428571175e+00 1.328709639138552484e+04 6.266764859595451043e+00 5.021991754717891653e-05 2.238528765987357390e-06 1.141488898795002677e-01
3.528301886792452713e+00 1.331580904653103971e+04 6.266824234507865299e+00 4.801704795238474337e-05 1.641502970954925306e-06 8.752347785419940795e-02
3.485981308411215451e+00 1.333484505071712556e+04 6.266827727149772542e+00 4.604100209622759873e-05 1.230463427660733886e-06 6.841229388739168693e-02
3.444444444444444642e+00 1.324949156434148426e+04 6.266910677395057583e+00 4.424077478164224823e-05 9.552757462757290127e-07 5.525685908403783764e-02
3.403669724770642446e+00 1.316567400789868589e+04 6.266975291270331816e+00 4.255613104593503260e-05 7.658709047624324201e-07 4.604150976997643807e-02
3.363636363636363313e+00 1.309561553791939332e+04 6.266960447542228252e+00 4.092387480708944693e-05 6.118200459631770327e-07 3.826401700619667945e-02
3.324324324324323676e+00 1.301438608094474330e+04 6.266905001851958978e+00 3.938076191631785788e-05 4.922417976245059832e-07 3.208775730376571544e-02
3.285714285714285587e+00 1.288517046022270915e+04 6.266766605916404664e+00 3.794376967979420245e-05 4.050291414009097750e-07 2.745179361160367607e-02
3.247787610619469412e+00 1.278626283057371074e+04 6.266956518320083269e+00 3.662910597898648250e-05 3.412466488815448070e-07 2.395882938586130564e-02
3.210526315789473450e+00 1.266924642159891482e+04 6.267156472069244089e+00 3.536213994826131757e-05 2.917986208640399684e-07 2.125030775727599838e-02
3.173913043478260754e+00 1.256888127737377363e+04 6.267049946491088264e+00 3.412787946380296475e-05 2.462061215500762092e-07 1.861029341288775174e-02
3.137931034482758896e+00 1.245841839767324200e+04 6.267042961207275553e+00 3.297706325524603170e-05 2.063454563711047737e-07 1.616442084323733985e-02
3.102564102564102200e+00 1.233981517125093706e+04 6.267121109069938356e+00 3.190061477573471712e-05 1.753884334734345779e-07 1.421451450938887758e-02
3.067796610169491345e+00 1.223017863476824641e+04 6.267194891130218437e+00 3.085051326342683431e-05 1.507972108024261981e-07 1.266698337544351800e-02
3.033613445378151141e+00 1.213178861938120281e+04 6.267222395685234204e+00 2.990699539252760362e-05 1.317435404463833363e-07 1.140957856918372107e-02
3.000000000000000000e+00 1.205594841511880804e+04 6.267220649364280582e+00 2.895137656943494076e-05 1.149374083699706272e-07 1.031203460929833345e-02
2.966101694915254328e+00 1.191689996400797827e+04 6.267414490990104170e+00 2.806724429629422720e-05 9.999662637458982424e-08 9.261409381902292737e-03
2.932773109243697718e+00 1.180386817733899079e+04 6.267379127990798438e+00 2.721605405926500409e-05 8.772314042315713550e-08 8.388634323709382931e-03
2.900000000000000355e+00 1.172006283830608845e+04 6.267452036890602152e+00 2.641805238681074037e-05 7.764566226995782831e-08 7.651615254942252704e-03
2.867768595041322754e+00 1.160965558230369061e+04 6.267553323505897112e+00 2.563314259230755658e-05 6.907209871168504589e-08 7.026137747244797296e-03
2.836065573770491621e+00 1.150742387857986978e+04 6.267724026379089430e+00 2.489091088766246467e-05 6.185168356902181008e-08 6.486130200856402364e-03
2.804878048780487632e+00 1.141156068280442560e+04 6.267705690009078623e+00 2.419101919232285368e-05 5.543406011110050532e-08 5.990442370225973479e-03
2.774193548387096531e+00 1.131321972507530336e+04 6.267779035489120076e+00 2.355075458085076909e-05 4.991522101791730275e-08 5.541811408800929525e-03
2.744000000000000217e+00 1.120190468449373111e+04 6.267805230303420849e+00 2.291103622761147469e-05 4.506189994605563274e-08 5.150786442398950019e-03
2.714285714285714413e+00 1.111322989385735855e+04 6.268017844879493872e+00 2.231499521709512913e-05 4.092801816745804977e-08 4.805877821759208489e-03
2.685039370078740273e+00 1.102914318681178884e+04 6.267968511312560942e+00 2.172874855007583247e-05 3.726410400741656301e-08 4.497741706546246401e-03
2.656250000000000444e+00 1.092522240454201346e+04 6.268144889728850977e+00 2.117771721943557950e-05 3.407884237852613290e-08 4.223256377516761660e-03
2.627906976744185830e+00 1.083435326322709989e+04 6.268113892531928855e+00 2.065491977849189467e-05 3.123612736404112221e-08 3.975765691427587956e-03
2.599999999999999645e+00 1.075296321663339040e+04 6.268262329812965383e+00 2.017449065901819323e-05 2.876012709151979061e-08 3.751276047602407696e-03
2.572519083969465381e+00 1.067062388886746885e+04 6.268280229602737563e+00 1.970985473107357430e-05 2.655062189822544370e-08 3.547431447606570927e-03
2.545454545454545414e+00 1.056343513826608432e+04 6.268305987836799709e+00 1.925265657528638273e-05 2.454758667757715667e-08 3.361745004203505784e-03
2.518796992481203034e+00 1.048062148023621921e+04 6.268392430723991104e+00 1.881367646464699440e-05 2.275899235778240196e-08 3.192454834741894048e-03
2.492537313432836132e+00 1.042383375922831692e+04 6.268407711032333296e+00 1.838882578951670394e-05 2.113801847745847270e-08 3.036180639983750758e-03
2.466666666666666785e+00 1.033784743397026796e+04 6.268538685103835384e+00 1.800317413885335505e-05 1.971593560111159374e-08 2.894885965131893495e-03
2.441176470588235503e+00 1.027225980754364718e+04 6.268513363450011866e+00 1.764281857446389000e-05 1.845582797104881891e-08 2.768228026483561619e-03
2.416058394160584211e+00 1.017719427160019404e+04 6.268417315797576883e+00 1.729438243133074124e-05 1.730467208157335887e-08 2.650074236003290788e-03
2.391304347826086918e+00 1.011699240492013996e+04 6.268658744669379779e+00 1.695194846707250773e-05 1.624562668363637279e-08 2.540896347630266106e-03
2.366906474820143824e+00 1.002974262325885320e+04 6.268777057913970552e+00 1.662501458016966326e-05 1.527975380868440326e-08 2.438517642217166454e-03
2.342857142857142971e+00 9.968153713181412968e+03 6.268837305986862063e+00 1.629998926623869773e-05 1.437790370232804079e-08 2.342711729034930440e-03
2.319148936170213116e+00 9.908081861140441106e+03 6.268653069126281174e+00 1.599028916041177542e-05 1.355317366814915552e-08 2.252296345387343277e-03
2.295774647887323994e+00 9.836084721639002964e+03 6.268859134998779226e+00 1.572271089368150647e-05 1.285214834125213159e-08 2.174543920391127597e-03
2.272727272727272929e+00 9.794262933725152834e+03 6.268917200170478488e+00 1.546477708251855804e-05 1.220754323165387187e-08 2.101242354182191081e-03
2.250000000000000444e+00 9.701965231771531762e+03 6.269067383772468638e+00 1.520965117190586049e-05 1.159878940871983779e-08 2.031689238613396987e-03
2.227586206896551513e+00 9.645457581008768102e+03 6.269090085944862167e+00 1.495896194401313438e-05 1.102870296349088513e-08 1.965837888590898138e-03
2.205479452054794454e+00 9.584768383992965028e+03 6.269303137101172929e+00 1.471711110771007856e-05 1.049801170465357704e-08 1.903325908409040246e-03
2.183673469387755084e+00 9.529908933117349079e+03 6.269171289869193586e+00 1.447911239120105148e-05 9.998409668046406177e-09 1.843659587212353925e-03
2.162162162162162282e+00 9.449752226770682682e+03 6.269383031284789354e+00 1.424744061074801722e-05 9.529631752404767112e-09 1.786930163449086239e-03
2.140939597315436593e+00 9.409739182630055438e+03 6.269581238712997440e+00 1.405189681762392858e-05 9.135799428015615189e-09 1.737776621912540901e-03
2.120000000000000107e+00 9.345853553712993744e+03 6.269586477675857417e+00 1.386524887312923984e-05 8.775558523989061819e-09 1.692080655168862842e-03
2.099337748344371146e+00 9.282082337285308313e+03 6.269610489588965940e+00 1.367938700755490466e-05 8.429267964116675043e-09 1.648066630847314388e-03
2.078947368421053099e+00 9.214268254469265230e+03 6.269562465762748893e+00 1.349503234838506583e-05 8.097174146199606096e-09 1.605528089982643678e-03
2.058823529411765385e+00 9.167319519239508736e+03 6.269695622735443230e+00 1.331640090999870172e-05 7.784771822522883945e-09 1.564770191076407134e-03
2.038961038961039307e+00 9.097326560379062357e+03 6.269544129392738085e+00 1.313718740681855700e-05 7.481800110397074225e-09 1.525150108098955858e-03
2.019354838709677580e+00 9.061802536113222232e+03 6.269672920563048812e+00 1.296411098165008171e-05 7.198049866343083331e-09 1.487432495989222036e-03
2.000000000000000000e+00 9.015585862377847661e+03 6.269585167935142422e+00 1.281075314634814271e-05 6.946087378219515922e-09 1.453039224957041430e-03
