1.600000000000000000e+01 8.809551475339500115e+00 6.274006416008834464e+00 4.757570716360969065e+00 1.503987487312011595e+00 4.697583999875177637e-08
1.554867256637168182e+01 8.372908323403489561e+00 6.273357221194419964e+00 4.757659342149352710e+00 1.503732197017640937e+00 4.546429113795994811e-08
1.512068965517241281e+01 7.954674748238041992e+00 6.272783554761238278e+00 4.757759755604171303e+00 1.503514670913886908e+00 4.968358106262712681e-08
1.471428571428571530e+01 2.822726517501731109e+02 6.272357015868377239e+00 4.742018418530502544e+00 1.492781236609182383e+00 1.082345339798942117e-02
1.432786885245901587e+01 5.905573733131111567e+02 6.271575537241744769e+00 4.702044695327644241e+00 1.481125417405920075e+00 2.352849258600562751e-02
1.395999999999999908e+01 9.055747079150768286e+02 6.270953410402107409e+00 4.678521315505523859e+00 1.467865929842166794e+00 3.716621894296943951e-02
1.360937500000000000e+01 1.224375133397526952e+03 6.270209041095733404e+00 4.636970664481773419e+00 1.453222046342630414e+00 5.173120079677492184e-02
1.327480916030534353e+01 1.542072291866764772e+03 6.270208604515494777e+00 4.600310585287933129e+00 1.437045547916393273e+00 6.708214986778855693e-02
1.295522388059701591e+01 1.871806915828853334e+03 6.270184156022147626e+00 4.566939701609763702e+00 1.419674347667932546e+00 8.338289630123138507e-02
1.264963503649635079e+01 2.191885777646079987e+03 6.270172804935951305e+00 4.520623777284507483e+00 1.402714515149049657e+00 1.007930954437953192e-01
1.235714285714285765e+01 2.520907667002682956e+03 6.269978963310126829e+00 4.474304796897582648e+00 1.386323546680726881e+00 1.188833774526369541e-01
1.207692307692307665e+01 2.870357608498032732e+03 6.269601321403960981e+00 4.429430897099571496e+00 1.366308525653924910e+00 1.379287264838159055e-01
1.180821917808219190e+01 3.184987531234458402e+03 6.269265154620437208e+00 4.381132898492240635e+00 1.345276927542142786e+00 1.583540920052623757e-01
1.155033557046979809e+01 3.531838579090278017e+03 6.269235467164230080e+00 4.329076380613021691e+00 1.325035976241998537e+00 1.797254450444018825e-01
1.130263157894736814e+01 3.870871987973418527e+03 6.268905849084281279e+00 4.273415892866286647e+00 1.301838176132621649e+00 2.021095278051709965e-01
1.106451612903225801e+01 4.211493514465029875e+03 6.268719429322509917e+00 4.214262763212814455e+00 1.277918054018907457e+00 2.255159859822106205e-01
1.083544303797468267e+01 4.582965159990997563e+03 6.268746497297287057e+00 4.152131283173369880e+00 1.254519863580131567e+00 2.502634549338483838e-01
1.061490683229813570e+01 4.912944271694515010e+03 6.268797140604934093e+00 4.089944794023895547e+00 1.229165138803224533e+00 2.755612605621814426e-01
1.040243902439024382e+01 5.253073096187073133e+03 6.268634296176032628e+00 4.024707482168883743e+00 1.201838271944665859e+00 3.020550777534532494e-01
1.019760479041916135e+01 5.595343603428575989e+03 6.268351392181586768e+00 3.950579213760032626e+00 1.173987399655036956e+00 3.293564046680688695e-01
1.000000000000000000e+01 5.964327291279820201e+03 6.268284158824882546e+00 3.880667873873329121e+00 1.145503158584632919e+00 3.578619563113570323e-01
9.819672131147541450e+00 6.282430978294038141e+03 6.268160170037193168e+00 3.805755507356414657e+00 1.117799741270503855e+00 3.860328146294260132e-01
9.645161290322580072e+00 6.626171222283297539e+03 6.268064122384758186e+00 3.729715454083862181e+00 1.089009457453022023e+00 4.147360825481533619e-01
9.476190476190476275e+00 6.949368199035823636e+03 6.267846705426062925e+00 3.654314990860481061e+00 1.059375264034824404e+00 4.439186337097859036e-01
9.312500000000000000e+00 7.288715520623806697e+03 6.267435446841544966e+00 3.572567960712318413e+00 1.029646114414787261e+00 4.748696349856185717e-01
9.153846153846155076e+00 7.621109757716855711e+03 6.267390479076995646e+00 3.487394212273406957e+00 9.983989753060340533e-01 5.058024908952951648e-01
9.000000000000000000e+00 7.885954991916569270e+03 6.267483034087524274e+00 3.399916629916763355e+00 9.659259188880157110e-01 5.376323554771756941e-01
8.850746268656715543e+00 8.147872446721270535e+03 6.267422349434395024e+00 3.308050761294421882e+00 9.336004265905570865e-01 5.705972741062164122e-01
8.705882352941177516e+00 8.380691545840169056e+03 6.267321935979575542e+00 3.211333176483383234e+00 9.003980083118581224e-01 6.041625451355076004e-01
8.565217391304347672e+00 8.625971214752536980e+03 6.267441995545119937e+00 3.116526939955806430e+00 8.656418009648990664e-01 6.380899048999738588e-01
8.428571428571428825e+00 8.830400110853515798e+03 6.267401830163192855e+00 3.014848712186603219e+00 8.307311533586263508e-01 6.726154887360286105e-01
8.295774647887323994e+00 9.034818544809129889e+03 6.267357298978881275e+00 2.912514959189529407e+00 7.953380845889853612e-01 7.081602691384935033e-01
8.166666666666666075e+00 9.185838990407632082e+03 6.267368650065078484e+00 2.804243278370761594e+00 7.594677244737767507e-01 7.439754564260816494e-01
8.041095890410957736e+00 9.374733144759547940e+03 6.267305345930519245e+00 2.695187936024169950e+00 7.234107808792066274e-01 7.798962961313485875e-01
7.918918918918919303e+00 9.554614746981958888e+03 6.267322372559814170e+00 2.582985286739368558e+00 6.867503196776580943e-01 8.165318722593116751e-01
7.800000000000000711e+00 9.727539861484641733e+03 6.267431954199637723e+00 2.464883565274085697e+00 6.494347698284769210e-01 8.541405311660098532e-01
7.684210526315789380e+00 9.850699376713484526e+03 6.267250336820487711e+00 2.345839267074222523e+00 6.115450623933458285e-01 8.922704123047590086e-01
7.571428571428571175e+00 9.978406319389996497e+03 6.267227634648094181e+00 2.222790436638164557e+00 5.734338996323156135e-01 9.297636503109454331e-01
7.461538461538461675e+00 1.013155086703674715e+04 6.267101899539451182e+00 2.095242428555870173e+00 5.344348963840865885e-01 9.683379155597972021e-01
7.354430379746835555e+00 1.025195863060273041e+04 6.266964376764373235e+00 1.963475963920593204e+00 4.949283686087846412e-01 1.008069445875434900e+00
7.250000000000000000e+00 1.037317209964376525e+04 6.266863090149078275e+00 1.831652525564212652e+00 4.559051351573276123e-01 1.046181918377180109e+00
7.148148148148148806e+00 1.048214885661158223e+04 6.266829910050963903e+00 1.695154513450841893e+00 4.161567146437191722e-01 1.086361270872297169e+00
7.048780487804878092e+00 1.062850610688617780e+04 6.266578003253441054e+00 1.551099733992004293e+00 3.752996804736351555e-01 1.126392731811675985e+00
6.951807228915662051e+00 1.077666672163867042e+04 6.266617732055129508e+00 1.404558084350509661e+00 3.345356924668478893e-01 1.166260147726497554e+00
6.857142857142857650e+00 1.089482182571331396e+04 6.266503348032683718e+00 1.260038019502658813e+00 2.954013220584678634e-01 1.204885383718175884e+00
6.764705882352941124e+00 1.100605342016799841e+04 6.266460563169326647e+00 1.105084341828785011e+00 2.542318874415850360e-01 1.245025662281961321e+00
6.674418604651162212e+00 1.120928764333819345e+04 6.266383288467140211e+00 9.353734880835247179e-01 2.103642778066873442e-01 1.287938334504280080e+00
6.586206896551725087e+00 1.133068060227365459e+04 6.266353601010933083e+00 7.675441860204601507e-01 1.685362619002652163e-01 1.329250066992597512e+00
6.500000000000000000e+00 1.143688208279751416e+04 6.266344432825927235e+00 6.141196852039098042e-01 1.319003583371233801e-01 1.364454260236625638e+00
6.415730337078652923e+00 1.166048368881476199e+04 6.266299465061377916e+00 4.450823656213521717e-01 9.275920729191659830e-02 1.401469606599416773e+00
6.333333333333333925e+00 1.193221076465885199e+04 6.266281128691367996e+00 2.675414180151581833e-01 5.371599006220608569e-02 1.437766232744836836e+00
6.252747252747252737e+00 1.202721451771659486e+04 6.266178968915595782e+00 1.428966003021776565e-01 2.879682569949090429e-02 1.459492539160881064e+00
6.173913043478260754e+00 1.197946958631394045e+04 6.266152337521057269e+00 7.761614886236548050e-02 1.692550128146842053e-02 1.467613259029226347e+00
6.096774193548387899e+00 1.205007850438525020e+04 6.266184644458694386e+00 1.814100674893613782e-03 1.340769568279916299e-03 1.479867738884315331e+00
6.021276595744680549e+00 1.191424757732378748e+04 6.266165434928207212e+00 5.831085999991232355e-04 3.883642891071503668e-04 1.476169358540258436e+00
5.947368421052632748e+00 1.174697310208674935e+04 6.266182898137740764e+00 3.526029476393782464e-04 2.336364847891754483e-04 1.472545633416957767e+00
5.875000000000000000e+00 1.156121307602301385e+04 6.266148408298911399e+00 2.509070916640083354e-04 1.665035596590675447e-04 1.467501821923389294e+00
5.804123711340205993e+00 1.141774931861727600e+04 6.266140113274383694e+00 1.962559273324441210e-04 1.291955346369533871e-04 1.463731405840005717e+00
5.734693877551021224e+00 1.125675413746082813e+04 6.265986873610724928e+00 1.857370988616277336e-04 1.208907440771174148e-04 1.458882854858035927e+00
5.666666666666666963e+00 1.109526267557690699e+04 6.265950637450942828e+00 1.763573253931489276e-04 1.136331305495381813e-04 1.453629593995122926e+00
5.600000000000001421e+00 1.096614233302723187e+04 6.265983817549057200e+00 1.677484821715939190e-04 1.069412806706700870e-04 1.449267502543725827e+00
5.534653465346535128e+00 1.083309981068076559e+04 6.265979015166434962e+00 1.597526339508290451e-04 1.008629787125106639e-04 1.444179705591144502e+00
5.470588235294117752e+00 1.071015371789751043e+04 6.266140113274383694e+00 1.530239849197911125e-04 9.587410219773417279e-05 1.438377445078516059e+00
5.407766990291261955e+00 1.060213279518036870e+04 6.266125706126517869e+00 1.488042599818389748e-04 9.297612899424449761e-05 1.432790964348688023e+00
5.346153846153846700e+00 1.051838824840573943e+04 6.266055853288383659e+00 1.448953426549723226e-04 9.024472458164091535e-05 1.427224238874645224e+00
5.285714285714285587e+00 1.042616371207677366e+04 6.266001280758590752e+00 1.407629923875233996e-04 8.739698715051053262e-05 1.421220169146842904e+00
5.226415094339623479e+00 1.035456858054209988e+04 6.266106060015792956e+00 1.369010266219335625e-04 8.469683270583395031e-05 1.414792180007610201e+00
5.168224299065420801e+00 1.027426115282495630e+04 6.266084667584113532e+00 1.331022935776319182e-04 8.208558511938666936e-05 1.407980982564172701e+00
5.111111111111110716e+00 1.022241202015354065e+04 6.266064148312911364e+00 1.296025236671243224e-04 7.984530016648932603e-05 1.400777736066703749e+00
5.055045871559633142e+00 1.018103168673653636e+04 6.266187700520363002e+00 1.262686830256692992e-04 7.767605543059761836e-05 1.393136708735237095e+00
5.000000000000000000e+00 1.014443230347242934e+04 6.265979015166434962e+00 1.227388555889867604e-04 7.537531567937635923e-05 1.384790276883668847e+00
4.925925925925926485e+00 1.008223373016166261e+04 6.266106060015792956e+00 1.181019492416421308e-04 7.232842049059399353e-05 1.372943672116250902e+00
4.853658536585365724e+00 1.006877263135034445e+04 6.266107369756507950e+00 1.135205613834690323e-04 6.927848091141669692e-05 1.359877153017845064e+00
4.783132530120481896e+00 1.006259125965658131e+04 6.266171547051543556e+00 1.090528485312021695e-04 6.625861218178585638e-05 1.345973927892656352e+00
4.714285714285714413e+00 1.006546210393238471e+04 6.266126579286995124e+00 1.046790188164316266e-04 6.327161220972309986e-05 1.330991585563344959e+00
4.647058823529412130e+00 1.010819511405412959e+04 6.266151027780342275e+00 1.005611044220370182e-04 6.040167137993557349e-05 1.315251885665569276e+00
4.581395348837209447e+00 1.013384735435629409e+04 6.266051050905761421e+00 9.630007037065165768e-05 5.742838781886443124e-05 1.297610878829812853e+00
4.517241379310345195e+00 1.020005614500941010e+04 6.266204290569419300e+00 9.209592045401979871e-05 5.445530077752337061e-05 1.279171475883188247e+00
4.454545454545455030e+00 1.026234676486159333e+04 6.266183334717979392e+00 8.794978049703582458e-05 5.149066741541900931e-05 1.258706122340536027e+00
4.393258426966291985e+00 1.034062321482179686e+04 6.266354037591170822e+00 8.404774469156515776e-05 4.865315567193902001e-05 1.237186864102525652e+00
4.333333333333333037e+00 1.044721116456766686e+04 6.266396822454528781e+00 8.023029897194763134e-05 4.585147380534996040e-05 1.214494733054208631e+00
4.274725274725274637e+00 1.054695070432178363e+04 6.266464055811233003e+00 7.641116118414560427e-05 4.302615294682123488e-05 1.190074399132413863e+00
4.217391304347826164e+00 1.066741179406019546e+04 6.266595466462974606e+00 7.274386320000164857e-05 4.030307564142480189e-05 1.164685293661737342e+00
4.161290322580645018e+00 1.082781438155154683e+04 6.266570144809150200e+00 6.937151135313498974e-05 3.775053082994505286e-05 1.137807231288194609e+00
4.106382978723404520e+00 1.095354933121175782e+04 6.266651348733482507e+00 6.598909369907632436e-05 3.522312055885936847e-05 1.110141359874563083e+00
4.052631578947369029e+00 1.111645009642690275e+04 6.266566652167243845e+00 6.271080485522164197e-05 3.273823848970205095e-05 1.081052018593816610e+00
4.000000000000000000e+00 1.129416049741095594e+04 6.266674924066352403e+00 5.963418522455263358e-05 3.037312353808374640e-05 1.050573151559486273e+00
3.948453608247422864e+00 1.146968662550760928e+04 6.266533472069129473e+00 5.669169197509064766e-05 2.811988826805783892e-05 1.018687513852157611e+00
3.897959183673469497e+00 1.162911589676473886e+04 6.266629956301803084e+00 5.389090277439419500e-05 2.597607118673389611e-05 9.858299393892192564e-01
3.848484848484848619e+00 1.183790495423273023e+04 6.266572764290580189e+00 5.117976654073281748e-05 2.391144156410707840e-05 9.520245492288398337e-01
3.800000000000000711e+00 1.203452555215677785e+04 6.266837768495253869e+00 4.863517245121445258e-05 2.195741257940564411e-05 9.167965623618220539e-01
3.752475247524752255e+00 1.224443572341814979e+04 6.266884919160995437e+00 4.614770231713715597e-05 2.006367851256974893e-05 8.801602222184419233e-01
3.705882352941176627e+00 1.247451473603204431e+04 6.266901509210052623e+00 4.388373507134266837e-05 1.832385436824362666e-05 8.426146491561841145e-01
3.660194174757281260e+00 1.266729075149350683e+04 6.266726877114715322e+00 4.171482675058213929e-05 1.667957878285524138e-05 8.044073295976590376e-01
3.615384615384614975e+00 1.286125872018951668e+04 6.266952152517699659e+00 3.967415588081173752e-05 1.514526597898016843e-05 7.658059963740301290e-01
3.571428571428571175e+00 1.309412512266525482e+04 6.266994064220581251e+00 3.769796679841063119e-05 1.367135301452144545e-05 7.257916166364765109e-01
3.528301886792452713e+00 1.330250719524780288e+04 6.266872694914321862e+00 3.586612978486693399e-05 1.230356153702137737e-05 6.848189978482913665e-01
3.485981308411215451e+00 1.351420651358516625e+04 6.266925084542922519e+00 3.417070744159078161e-05 1.104713679130974959e-05 6.435038272905969636e-01
3.444444444444444642e+00 1.372386761159020170e+04 6.267057804935379117e+00 3.255034564267989477e-05 9.869998596871008996e-06 6.024278481309842670e-01
3.403669724770642446e+00 1.392846060958972885e+04 6.267007598207969821e+00 3.103214745667210025e-05 8.790062724861345063e-06 5.617876851942967820e-01
3.363636363636363313e+00 1.413343991265654768e+04 6.267222832265471943e+00 2.961793152378144200e-05 7.777881193353386767e-06 5.199391773029374830e-01
3.324324324324323676e+00 1.434006829890483459e+04 6.267225888327140559e+00 2.828203703043836865e-05 6.831242739028274860e-06 4.773971617029714176e-01
3.285714285714285587e+00 1.450083002920306535e+04 6.267208425117607007e+00 2.699406836991532959e-05 5.941985131401560941e-06 4.352142060627769982e-01
3.247787610619469412e+00 1.467787781876731424e+04 6.267266053709067641e+00 2.583730327596960461e-05 5.159103403858680534e-06 3.942925580174183597e-01
3.210526315789473450e+00 1.482464092869999331e+04 6.267566857493285681e+00 2.478249528266824201e-05 4.469120549740218723e-06 3.553567497586894164e-01
3.173913043478260754e+00 1.494521233492206011e+04 6.267476048803710675e+00 2.371771641119703201e-05 3.790640761517715559e-06 3.155181754258632454e-01
3.137931034482758896e+00 1.509722509391253880e+04 6.267538479777793547e+00 2.275710798546584423e-05 3.156329823521063793e-06 2.733988786416721162e-01
3.102564102564102200e+00 1.524674277951045224e+04 6.267610952097358634e+00 2.183826000237852055e-05 2.567635195160546276e-06 2.321318410552549172e-01
3.067796610169491345e+00 1.533230795543873137e+04 6.267532804234694943e+00 2.100769101363708562e-05 2.063516288393220672e-06 1.939553822623276691e-01
3.033613445378151141e+00 1.537344077641138210e+04 6.267750221193389315e+00 2.025534020831386384e-05 1.645688487303759599e-06 1.603615970862197759e-01
3.000000000000000000e+00 1.542117746322134553e+04 6.267730575082664402e+00 1.954551593949756304e-05 1.284290160914279124e-06 1.302299341295635737e-01
2.966101694915254328e+00 1.541648561251868705e+04 6.267843212784156570e+00 1.889568348184446293e-05 9.385330563473507899e-07 9.848514130006372214e-02
2.932773109243697718e+00 1.535944016722204287e+04 6.268009549854965279e+00 1.829488269684850750e-05 6.542658615746085852e-07 7.123269772900998886e-02
2.900000000000000355e+00 1.530086468944337503e+04 6.268061502903327309e+00 1.776135827640057009e-05 4.555218050175517154e-07 5.112058876092344384e-02
2.867768595041322754e+00 1.519386703579810455e+04 6.268300748873938844e+00 1.726823364927884376e-05 3.247955638386770153e-07 3.776301389643400841e-02
2.836065573770491621e+00 1.503586157739387090e+04 6.268304678096084714e+00 1.682367937307499290e-05 2.455225701372091693e-07 2.935233653416722752e-02
2.804878048780487632e+00 1.489031810683640470e+04 6.268407711032333296e+00 1.639784276845137207e-05 1.874996774509304545e-07 2.305414133548051164e-02
2.774193548387096531e+00 1.471532768298518931e+04 6.268474071228561151e+00 1.597951554910716283e-05 1.377242770202394770e-07 1.754040408247485583e-02
2.744000000000000217e+00 1.454686205769007029e+04 6.268716373260841301e+00 1.559949302291584907e-05 1.052545505262076982e-07 1.379677458426177387e-02
2.714285714285714413e+00 1.435103263928327397e+04 6.268725104865607634e+00 1.522910662518464833e-05 8.400726641525352613e-08 1.135745924514427671e-02
2.685039370078740273e+00 1.420050181729917313e+04 6.268842108369483412e+00 1.488180296863167327e-05 6.970318934914700358e-08 9.689624674662276546e-03
2.656250000000000444e+00 1.401756263414441128e+04 6.268853022875441994e+00 1.454248833873323655e-05 5.911973534427318063e-08 8.456478210591152067e-03
2.627906976744185830e+00 1.384428813600842113e+04 6.268791465061836377e+00 1.422283067810800191e-05 5.085091788757210942e-08 7.456958451954498641e-03
2.599999999999999645e+00 1.367602347079110950e+04 6.268837305986862063e+00 1.390225703568998030e-05 4.388404364270911355e-08 6.616896214589253200e-03
2.572519083969465381e+00 1.349551832914975421e+04 6.269017613625297081e+00 1.358621084146048807e-05 3.828073645579337118e-08 5.940520016858577383e-03
2.545454545454545414e+00 1.332600022705991432e+04 6.269020669686965697e+00 1.328985908848662747e-05 3.378164271786090195e-08 5.382526984772458348e-03
2.518796992481203034e+00 1.316299098150866848e+04 6.269106675993919353e+00 1.300461902736999041e-05 3.009177465609837668e-08 4.918166344330422539e-03
2.492537313432836132e+00 1.302743660579360767e+04 6.269301390780220196e+00 1.272384979011287098e-05 2.696279093554565407e-08 4.523803500305414137e-03
2.466666666666666785e+00 1.289524084753060561e+04 6.269283927570685755e+00 1.246902698620251522e-05 2.434786296287938994e-08 4.186619450718685395e-03
2.441176470588235503e+00 1.271369366705435823e+04 6.269100563870582121e+00 1.223224319463501059e-05 2.212149863026681338e-08 3.897704803733676501e-03
2.416058394160584211e+00 1.254489444848669154e+04 6.269249001151618650e+00 1.200531619986861202e-05 2.019805884452438166e-08 3.642941475353836823e-03
2.391304347826086918e+00 1.239755332555374480e+04 6.269438040394820888e+00 1.178273928590722815e-05 1.851083892303605963e-08 3.417878819965831840e-03
2.366906474820143824e+00 1.227976760853520318e+04 6.269452010962448085e+00 1.156454409575824649e-05 1.702311502190781225e-08 3.216796101594976854e-03
2.342857142857142971e+00 1.215503650106229361e+04 6.269544129392738085e+00 1.135220369468661378e-05 1.569484058630336944e-08 3.035245232715271316e-03
2.319148936170213116e+00 1.201012672159545218e+04 6.269604814045867336e+00 1.114778820154402649e-05 1.451850332946690940e-08 2.871214703986383916e-03
2.295774647887323994e+00 1.188645654462349194e+04 6.269776826659774649e+00 1.097361010009204544e-05 1.354464814159058513e-08 2.733187133007980701e-03
2.272727272727272929e+00 1.175209764434938734e+04 6.269759363450241096e+00 1.080026470936078135e-05 1.266529098302228803e-08 2.608058504237514060e-03
2.250000000000000444e+00 1.163224623805367082e+04 6.269915659175567590e+00 1.063338198653298553e-05 1.186093633929090110e-08 2.491152634028364048e-03
2.227586206896551513e+00 1.152005146417338619e+04 6.269792980128593207e+00 1.046647178425140679e-05 1.112406379169996687e-08 2.383886702763587332e-03
2.205479452054794454e+00 1.142529986299710799e+04 6.270049252728500555e+00 1.030662796514581613e-05 1.045782284085625189e-08 2.284535280536375678e-03
2.183673469387755084e+00 1.132575132399469658e+04 6.270033099259681109e+00 1.014717552007896311e-05 9.837550124017012731e-09 2.191523438244741186e-03
2.162162162162162282e+00 1.117424005264874540e+04 6.270116049504966149e+00 9.994370604695577593e-06 9.274555544213213284e-09 2.104961813165880796e-03
2.140939597315436593e+00 1.107622323050497471e+04 6.270338705426521386e+00 9.845854982234595519e-06 8.760612830301538763e-09 2.025895810323636963e-03
2.120000000000000107e+00 1.098077839207126090e+04 6.270511591200904178e+00 9.707550058631022520e-06 8.304497972612026135e-09 1.952820421669818280e-03
2.099337748344371146e+00 1.087846979507299329e+04 6.270448723646583566e+00 9.570682393731404149e-06 7.874033695257977750e-09 1.883350230765435838e-03
2.078947368421053099e+00 1.079137042891125748e+04 6.270463130794448503e+00 9.437372901741399796e-06 7.477822778233970332e-09 1.818203633803464362e-03
2.058823529411765385e+00 1.068730052517946751e+04 6.270430823856811386e+00 9.300131349728180051e-06 7.095500402615329075e-09 1.756460039104567727e-03
2.038961038961039307e+00 1.058908987540634917e+04 6.270355295475577684e+00 9.170439153108963533e-06 6.746776766105852492e-09 1.697931960184555526e-03
2.019354838709677580e+00 1.047762837752264204e+04 6.270492381670417892e+00 9.040841885511907868e-06 6.417441302451151760e-09 1.642680791139444199e-03
2.000000000000000000e+00 1.039369745378080734e+04 6.270536039694251329e+00 8.921665159873883036e-06 6.127830775380722039e-09 1.592486321231890425e-03
