1.600000000000000000e+01 8.809551475339500115e+00 1.022779053634583546e+00
1.554867256637168182e+01 8.372908323403489561e+00 1.022825863483916242e+00
1.512068965517241281e+01 7.954674748238041992e+00 1.022867881535747259e+00
1.471428571428571530e+01 2.822726517501731109e+02 1.023911299654120866e+00
1.432786885245901587e+01 5.905573733131111567e+02 1.024100738199652083e+00
1.395999999999999908e+01 9.055747079150768286e+02 1.030627988957686370e+00
1.360937500000000000e+01 1.224375133397526952e+03 1.034993843157907767e+00
1.327480916030534353e+01 1.542072291866764772e+03 1.040676172072811045e+00
1.295522388059701591e+01 1.871806915828853334e+03 1.045458014272961700e+00
1.264963503649635079e+01 2.191885777646079987e+03 1.049062419204827901e+00
1.235714285714285765e+01 2.520907667002682956e+03 1.053271083194257773e+00
1.207692307692307665e+01 2.870357608498032732e+03 1.056728463594720280e+00
1.180821917808219190e+01 3.184987531234458402e+03 1.061269733161065210e+00
1.155033557046979809e+01 3.531838579090278017e+03 1.065178475599613428e+00
1.130263157894736814e+01 3.870871987973418527e+03 1.066156742524825507e+00
1.106451612903225801e+01 4.211493514465029875e+03 1.070342336796694438e+00
1.083544303797468267e+01 4.582965159990997563e+03 1.073484425906885198e+00
1.061490683229813570e+01 4.912944271694515010e+03 1.076204556181303174e+00
1.040243902439024382e+01 5.253073096187073133e+03 1.077469974485397053e+00
1.019760479041916135e+01 5.595343603428575989e+03 1.080393277636094052e+00
1.000000000000000000e+01 5.964327291279820201e+03 1.084558429560407600e+00
9.819672131147541450e+00 6.282430978294038141e+03 1.086345972229301404e+00
9.645161290322580072e+00 6.626171222283297539e+03 1.089051591438705779e+00
9.476190476190476275e+00 6.949368199035823636e+03 1.093106572189367132e+00
9.312500000000000000e+00 7.288715520623806697e+03 1.096381298045275843e+00
9.153846153846155076e+00 7.621109757716855711e+03 1.095985230922753795e+00
9.000000000000000000e+00 7.885954991916569270e+03 1.091969800244910305e+00
8.850746268656715543e+00 8.147872446721270535e+03 1.085372094368007634e+00
8.705882352941177516e+00 8.380691545840169056e+03 1.077077126106126714e+00
8.565217391304347672e+00 8.625971214752536980e+03 1.068161035968446804e+00
8.428571428571428825e+00 8.830400110853515798e+03 1.060279430295678171e+00
8.295774647887323994e+00 9.034818544809129889e+03 1.052881372544679062e+00
8.166666666666666075e+00 9.185838990407632082e+03 1.043455529127693460e+00
8.041095890410957736e+00 9.374733144759547940e+03 1.036224546718440553e+00
7.918918918918919303e+00 9.554614746981958888e+03 1.030329194668919257e+00
7.800000000000000711e+00 9.727539861484641733e+03 1.023078588993158844e+00
7.684210526315789380e+00 9.850699376713484526e+03 1.016444889141351782e+00
7.571428571428571175e+00 9.978406319389996497e+03 1.011914583725873396e+00
7.461538461538461675e+00 1.013155086703674715e+04 1.007793930848055242e+00
7.354430379746835555e+00 1.025195863060273041e+04 1.003242414974364172e+00
7.250000000000000000e+00 1.037317209964376525e+04 9.983019295157173900e-01
7.148148148148148806e+00 1.048214885661158223e+04 9.971998001709047044e-01
7.048780487804878092e+00 1.062850610688617780e+04 9.945786945689439884e-01
6.951807228915662051e+00 1.077666672163867042e+04 9.920287639186281536e-01
6.857142857142857650e+00 1.089482182571331396e+04 9.895493652842978216e-01
6.764705882352941124e+00 1.100605342016799841e+04 9.921909558012108610e-01
6.674418604651162212e+00 1.120928764333819345e+04 9.923473492844913091e-01
6.586206896551725087e+00 1.133068060227365459e+04 9.927841741607814630e-01
6.500000000000000000e+00 1.143688208279751416e+04 9.959144445340775142e-01
6.415730337078652923e+00 1.166048368881476199e+04 1.002542117750238049e+00
6.333333333333333925e+00 1.193221076465885199e+04 1.010903630622188576e+00
6.252747252747252737e+00 1.202721451771659486e+04 1.022600684399469495e+00
6.173913043478260754e+00 1.197946958631394045e+04 1.034842241589130740e+00
6.096774193548387899e+00 1.205007850438525020e+04 1.066970657658721677e+00
6.021276595744680549e+00 1.191424757732378748e+04 1.087865681196954482e+00
5.947368421052632748e+00 1.174697310208674935e+04 1.102919141613734944e+00
5.875000000000000000e+00 1.156121307602301385e+04 1.116125834342861944e+00
5.804123711340205993e+00 1.141774931861727600e+04 1.126941061560469581e+00
5.734693877551021224e+00 1.125675413746082813e+04 1.137386036087960850e+00
5.666666666666666963e+00 1.109526267557690699e+04 1.146806134063804716e+00
5.600000000000001421e+00 1.096614233302723187e+04 1.155581218544303290e+00
5.534653465346535128e+00 1.083309981068076559e+04 1.165846654832729534e+00
5.470588235294117752e+00 1.071015371789751043e+04 1.173609257120834082e+00
5.407766990291261955e+00 1.060213279518036870e+04 1.180182595046095573e+00
5.346153846153846700e+00 1.051838824840573943e+04 1.187404075493980748e+00
5.285714285714285587e+00 1.042616371207677366e+04 1.194943675338565825e+00
5.226415094339623479e+00 1.035456858054209988e+04 1.201369532827102571e+00
5.168224299065420801e+00 1.027426115282495630e+04 1.206787285555864564e+00
5.111111111111110716e+00 1.022241202015354065e+04 1.210591037770146983e+00
5.055045871559633142e+00 1.018103168673653636e+04 1.216080184735407022e+00
5.000000000000000000e+00 1.014443230347242934e+04 1.219813235693709474e+00
4.925925925925926485e+00 1.008223373016166261e+04 1.224630782899041259e+00
4.853658536585365724e+00 1.006877263135034445e+04 1.229163299865835279e+00
4.783132530120481896e+00 1.006259125965658131e+04 1.232119095544380594e+00
4.714285714285714413e+00 1.006546210393238471e+04 1.234655846570833493e+00
4.647058823529412130e+00 1.010819511405412959e+04 1.236444330973935468e+00
4.581395348837209447e+00 1.013384735435629409e+04 1.237748955848738674e+00
4.517241379310345195e+00 1.020005614500941010e+04 1.237339614816388433e+00
4.454545454545455030e+00 1.026234676486159333e+04 1.238220134207411949e+00
4.393258426966291985e+00 1.034062321482179686e+04 1.236373804960381628e+00
4.333333333333333037e+00 1.044721116456766686e+04 1.234271893932346043e+00
4.274725274725274637e+00 1.054695070432178363e+04 1.232972854284723585e+00
4.217391304347826164e+00 1.066741179406019546e+04 1.231244023110693808e+00
4.161290322580645018e+00 1.082781438155154683e+04 1.229143198460670661e+00
4.106382978723404520e+00 1.095354933121175782e+04 1.227051211418620058e+00
4.052631578947369029e+00 1.111645009642690275e+04 1.224678373702272616e+00
4.000000000000000000e+00 1.129416049741095594e+04 1.223029798735764784e+00
3.948453608247422864e+00 1.146968662550760928e+04 1.219639622934032719e+00
3.897959183673469497e+00 1.162911589676473886e+04 1.215793142880060351e+00
3.848484848484848619e+00 1.183790495423273023e+04 1.214019850647245491e+00
3.800000000000000711e+00 1.203452555215677785e+04 1.212637834072461507e+00
3.752475247524752255e+00 1.224443572341814979e+04 1.211256880327155727e+00
3.705882352941176627e+00 1.247451473603204431e+04 1.210788948006281007e+00
3.660194174757281260e+00 1.266729075149350683e+04 1.208198412756318119e+00
3.615384615384614975e+00 1.286125872018951668e+04 1.205095858058015779e+00
3.571428571428571175e+00 1.309412512266525482e+04 1.205863015676267969e+00
3.528301886792452713e+00 1.330250719524780288e+04 1.204659967888149996e+00
3.485981308411215451e+00 1.351420651358516625e+04 1.204687389985220403e+00
3.444444444444444642e+00 1.372386761159020170e+04 1.204562712790798074e+00
3.403669724770642446e+00 1.392846060958972885e+04 1.205618970462318806e+00
3.363636363636363313e+00 1.413343991265654768e+04 1.206477815282065880e+00
3.324324324324323676e+00 1.434006829890483459e+04 1.208159942443008283e+00
3.285714285714285587e+00 1.450083002920306535e+04 1.208979202765227967e+00
3.247787610619469412e+00 1.467787781876731424e+04 1.211341482074788756e+00
3.210526315789473450e+00 1.482464092869999331e+04 1.213899124367638027e+00
3.173913043478260754e+00 1.494521233492206011e+04 1.216145335587533127e+00
3.137931034482758896e+00 1.509722509391253880e+04 1.218895645545009065e+00
3.102564102564102200e+00 1.524674277951045224e+04 1.223922576105061388e+00
3.067796610169491345e+00 1.533230795543873137e+04 1.227171517467526174e+00
3.033613445378151141e+00 1.537344077641138210e+04 1.231019243302732935e+00
3.000000000000000000e+00 1.542117746322134553e+04 1.236436396114631853e+00
2.966101694915254328e+00 1.541648561251868705e+04 1.240764770030732711e+00
2.932773109243697718e+00 1.535944016722204287e+04 1.244286850924414933e+00
2.900000000000000355e+00 1.530086468944337503e+04 1.250921284200257499e+00
2.867768595041322754e+00 1.519386703579810455e+04 1.254493308539585961e+00
2.836065573770491621e+00 1.503586157739387090e+04 1.257276969159575764e+00
2.804878048780487632e+00 1.489031810683640470e+04 1.261833418654702665e+00
2.774193548387096531e+00 1.471532768298518931e+04 1.265329766345388407e+00
2.744000000000000217e+00 1.454686205769007029e+04 1.268310681524719596e+00
2.714285714285714413e+00 1.435103263928327397e+04 1.269701004646363041e+00
2.685039370078740273e+00 1.420050181729917313e+04 1.273062221699420737e+00
2.656250000000000444e+00 1.401756263414441128e+04 1.276317216492795614e+00
2.627906976744185830e+00 1.384428813600842113e+04 1.278538525861216968e+00
2.599999999999999645e+00 1.367602347079110950e+04 1.281430898347311498e+00
2.572519083969465381e+00 1.349551832914975421e+04 1.283685916962564066e+00
2.545454545454545414e+00 1.332600022705991432e+04 1.285320753267762850e+00
2.518796992481203034e+00 1.316299098150866848e+04 1.287608812136588288e+00
2.492537313432836132e+00 1.302743660579360767e+04 1.290774381841338636e+00
2.466666666666666785e+00 1.289524084753060561e+04 1.293293436331427015e+00
2.441176470588235503e+00 1.271369366705435823e+04 1.294990361650401489e+00
2.416058394160584211e+00 1.254489444848669154e+04 1.295618949394884201e+00
2.391304347826086918e+00 1.239755332555374480e+04 1.297626081475984350e+00
2.366906474820143824e+00 1.227976760853520318e+04 1.301114784160268600e+00
2.342857142857142971e+00 1.215503650106229361e+04 1.303173339564581035e+00
2.319148936170213116e+00 1.201012672159545218e+04 1.304942906521391777e+00
2.295774647887323994e+00 1.188645654462349194e+04 1.307310159799403682e+00
2.272727272727272929e+00 1.175209764434938734e+04 1.309030183509173995e+00
2.250000000000000444e+00 1.163224623805367082e+04 1.311271458328016948e+00
2.227586206896551513e+00 1.152005146417338619e+04 1.313291046524232453e+00
2.205479452054794454e+00 1.142529986299710799e+04 1.316312778152112228e+00
2.183673469387755084e+00 1.132575132399469658e+04 1.319909122239007360e+00
2.162162162162162282e+00 1.117424005264874540e+04 1.319955232102029363e+00
2.140939597315436593e+00 1.107622323050497471e+04 1.322573475584754910e+00
2.120000000000000107e+00 1.098077839207126090e+04 1.324593269063100376e+00
2.099337748344371146e+00 1.087846979507299329e+04 1.326483158014395869e+00
2.078947368421053099e+00 1.079137042891125748e+04 1.329510798055559606e+00
2.058823529411765385e+00 1.068730052517946751e+04 1.331101621077033226e+00
2.038961038961039307e+00 1.058908987540634917e+04 1.332224951795668133e+00
2.019354838709677580e+00 1.047762837752264204e+04 1.333768574012048180e+00
2.000000000000000000e+00 1.039369745378080734e+04 1.335566533294681335e+00
