1.000000000000000000e+02 2.813123810699485716e+02 9.999987105178915758e-01
7.999056603773584584e+01 1.833651406510199138e+02 1.000959343154075309e+00
6.659842519685038553e+01 1.291250924326586187e+02 1.001730027338868956e+00
5.700675675675675791e+01 9.644944703133135988e+01 1.002306684692981564e+00
4.979881656804733581e+01 7.456771448323739548e+01 1.002775468611215137e+00
4.418421052631578760e+01 6.003406586737635564e+01 1.003150797663262095e+00
3.968720379146919441e+01 4.872259373067456067e+01 1.003429979504400826e+00
3.600431034482758008e+01 4.049058192632446662e+01 1.003645269017619190e+00
3.293280632411067188e+01 3.434651727673310972e+01 1.003865618200016741e+00
3.033211678832116576e+01 2.902464202196270548e+01 1.004069303557812098e+00
2.810169491525423879e+01 2.531474873709995776e+01 1.004185380098528091e+00
2.616772151898734222e+01 2.234788489574811976e+01 1.004306500135107472e+00
2.447477744807121525e+01 1.946477064136440660e+01 1.004449555759778345e+00
2.298044692737430239e+01 1.716965783523733791e+01 1.004567673885638168e+00
2.165171503957783372e+01 1.558051568977530543e+01 1.004619823704427484e+00
2.046250000000000213e+01 1.391469915528099399e+01 1.004715343505167446e+00
1.939192399049881033e+01 1.251537315093801972e+01 1.004772084609146132e+00
1.842307692307691980e+01 1.157152181815336789e+01 1.004864244901111370e+00
1.754211663066954685e+01 1.047993619742165095e+01 1.004941714279403264e+00
1.673760330578512168e+01 9.580851847981152858e+00 1.004993667037494820e+00
1.600000000000000000e+01 8.741701428511476024e+00 1.005027833006356008e+00
1.554867256637168182e+01 8.293462807409428095e+00 1.005052321807069493e+00
1.512068965517241281e+01 7.864159746197535661e+00 1.005085630130990282e+00
1.471428571428571530e+01 2.848735473488255252e+02 1.012607610380802159e+00
1.432786885245901587e+01 5.915404607748904482e+02 1.020041709879219383e+00
1.395999999999999908e+01 9.104961636417210684e+02 1.024176203895913462e+00
1.360937500000000000e+01 1.221686508007623388e+03 1.031986177614028000e+00
1.327480916030534353e+01 1.536707391766003639e+03 1.037451062086465425e+00
1.295522388059701591e+01 1.854355901725751437e+03 1.040868966856731470e+00
1.264963503649635079e+01 2.172335422995997760e+03 1.047933186091437596e+00
1.235714285714285765e+01 2.492950668678619422e+03 1.051276575795720314e+00
1.207692307692307665e+01 2.815957670436361241e+03 1.058133121581735780e+00
1.180821917808219190e+01 3.145631300840664608e+03 1.061925287104284577e+00
1.155033557046979809e+01 3.474949008147855238e+03 1.066345682978774523e+00
1.130263157894736814e+01 3.810174797126990597e+03 1.070380193138499525e+00
1.106451612903225801e+01 4.230054688362311936e+03 1.073276261239317408e+00
1.083544303797468267e+01 4.573856505592855683e+03 1.076766438785078606e+00
1.061490683229813570e+01 4.922221818269359574e+03 1.079479502876831143e+00
1.040243902439024382e+01 5.265161298194502706e+03 1.082239518057588112e+00
1.019760479041916135e+01 5.609541675167645735e+03 1.085943572489930675e+00
1.000000000000000000e+01 5.960279202772346252e+03 1.089755796533727006e+00
9.819672131147541450e+00 6.283775429434948819e+03 1.090540099686401865e+00
9.645161290322580072e+00 6.602855567787762084e+03 1.093698358720415209e+00
9.476190476190476275e+00 6.938843187174451486e+03 1.095339264797174472e+00
9.312500000000000000e+00 7.260768626168329320e+03 1.098262589303968140e+00
9.153846153846155076e+00 7.583227642490441212e+03 1.099577720042228979e+00
9.000000000000000000e+00 7.881913905713663553e+03 1.097337114848932149e+00
8.850746268656715543e+00 8.159895533930066449e+03 1.091620098685538220e+00
8.705882352941177516e+00 8.419947350047144937e+03 1.084906103242943676e+00
8.565217391304347672e+00 8.661172726616920045e+03 1.074164971913343036e+00
8.428571428571428825e+00 8.896351578508867533e+03 1.067242786632294216e+00
8.295774647887323994e+00 9.083341838566022489e+03 1.056220191814859266e+00
8.166666666666666075e+00 9.288361787489835478e+03 1.047115059768352507e+00
8.041095890410957736e+00 9.461474172372112662e+03 1.038059569700015894e+00
7.918918918918919303e+00 9.625523785410390701e+03 1.030607816294242696e+00
7.800000000000000711e+00 9.785953494730423699e+03 1.022954766263452608e+00
7.684210526315789380e+00 9.916999556152417426e+03 1.015401729585141410e+00
7.571428571428571175e+00 1.006928577621192198e+04 1.009700384064540879e+00
7.461538461538461675e+00 1.020055497937943255e+04 1.005288500730348922e+00
7.354430379746835555e+00 1.032745719777091836e+04 1.000004502763660819e+00
7.250000000000000000e+00 1.047186292926174610e+04 9.964039483504355532e-01
7.148148148148148806e+00 1.057193541462844951e+04 9.939433349969031273e-01
7.048780487804878092e+00 1.071589979253306046e+04 9.914308659619783803e-01
6.951807228915662051e+00 1.086367964965135980e+04 9.900122541516283015e-01
6.857142857142857650e+00 1.095768422162499701e+04 9.888096880304940717e-01
6.764705882352941124e+00 1.109343654704174878e+04 9.883833923708071900e-01
6.674418604651162212e+00 1.130682045156278946e+04 9.899184107491866280e-01
6.586206896551725087e+00 1.149661637239863012e+04 9.903462643214977490e-01
6.500000000000000000e+00 1.165331669603791124e+04 9.917263018446310641e-01
6.415730337078652923e+00 1.186371746739082118e+04 9.973662247782971724e-01
6.333333333333333925e+00 1.216772948499557788e+04 1.008406197737338861e+00
6.252747252747252737e+00 1.236167297345281440e+04 1.019302138553198400e+00
6.173913043478260754e+00 1.225776884793593308e+04 1.032954698250909020e+00
6.096774193548387899e+00 1.231807892310888383e+04 1.056789423287052276e+00
6.021276595744680549e+00 1.227880328491970249e+04 1.079168230395468608e+00
5.947368421052632748e+00 1.210166333085797305e+04 1.098164515269314911e+00
5.875000000000000000e+00 1.181460662365143799e+04 1.114185862707490537e+00
5.804123711340205993e+00 1.172650061079227817e+04 1.126270255984524571e+00
5.734693877551021224e+00 1.153859345815729648e+04 1.137975158268922815e+00
5.666666666666666963e+00 1.132219306209440583e+04 1.148731591428761023e+00
5.600000000000001421e+00 1.112392898178450923e+04 1.157954675478704010e+00
5.534653465346535128e+00 1.096263134165190786e+04 1.166027698001034230e+00
5.470588235294117752e+00 1.083935115778641739e+04 1.175010739092277934e+00
5.407766990291261955e+00 1.068514165417597542e+04 1.180835914093343986e+00
5.346153846153846700e+00 1.055972565751713773e+04 1.187607494514455020e+00
5.285714285714285587e+00 1.048119259877705736e+04 1.195632093910016458e+00
5.226415094339623479e+00 1.036938616724188068e+04 1.200851941905428211e+00
5.168224299065420801e+00 1.026972545015949072e+04 1.206428568680131264e+00
5.111111111111110716e+00 1.025669666153704929e+04 1.209851898377954260e+00
5.055045871559633142e+00 1.015291090363639159e+04 1.217014556985202001e+00
5.000000000000000000e+00 1.012279987686438835e+04 1.219911904408391923e+00
4.925925925925926485e+00 1.006201810123559881e+04 1.224204694107662528e+00
4.853658536585365724e+00 1.003828068592863565e+04 1.228806615890575937e+00
4.783132530120481896e+00 1.008231298985992180e+04 1.233503007357706904e+00
4.714285714285714413e+00 1.005435488363552759e+04 1.234626633636108917e+00
4.647058823529412130e+00 1.008571107886303980e+04 1.238550377278975656e+00
4.581395348837209447e+00 1.006439098720669426e+04 1.239768272443402042e+00
4.517241379310345195e+00 1.013803346953665095e+04 1.237649728731524457e+00
4.454545454545455030e+00 1.023446038399272584e+04 1.237760663421930030e+00
4.393258426966291985e+00 1.033414629396416422e+04 1.240321825117535415e+00
4.333333333333333037e+00 1.033328646640462648e+04 1.237550482214683445e+00
4.274725274725274637e+00 1.045706760412601034e+04 1.235588592153109122e+00
4.217391304347826164e+00 1.059764180660875900e+04 1.235703740782594151e+00
4.161290322580645018e+00 1.072003367088707091e+04 1.231230627240916808e+00
4.106382978723404520e+00 1.087115341679072117e+04 1.228936614365129687e+00
4.052631578947369029e+00 1.100631104736649104e+04 1.227720125544280450e+00
4.000000000000000000e+00 1.122908136705867764e+04 1.226469292093852026e+00
3.948453608247422864e+00 1.138637551851998796e+04 1.223982833910317369e+00
3.897959183673469497e+00 1.157838411976473981e+04 1.221816308659238182e+00
3.848484848484848619e+00 1.179221961903353986e+04 1.221625431473429835e+00
3.800000000000000711e+00 1.197196162466865462e+04 1.218768479016072881e+00
3.752475247524752255e+00 1.222648985967019689e+04 1.219755031345232332e+00
3.705882352941176627e+00 1.241153314118087292e+04 1.216798674244178757e+00
3.660194174757281260e+00 1.267456419486988671e+04 1.214865398054413737e+00
3.615384615384614975e+00 1.286451189523949324e+04 1.216229461747780904e+00
3.571428571428571175e+00 1.309844450099318601e+04 1.214319457029859439e+00
3.528301886792452713e+00 1.333631840061443472e+04 1.214409485984886627e+00
3.485981308411215451e+00 1.357332415035470876e+04 1.214476557508946675e+00
3.444444444444444642e+00 1.379154693445433441e+04 1.214697444599191378e+00
3.403669724770642446e+00 1.397333213776242883e+04 1.215328247702558206e+00
3.363636363636363313e+00 1.420688034001494998e+04 1.218200213708236390e+00
3.324324324324323676e+00 1.442204024799213585e+04 1.217047215074699817e+00
3.285714285714285587e+00 1.462082450712142963e+04 1.220476337927534738e+00
3.247787610619469412e+00 1.483562342965716743e+04 1.223426295421990329e+00
3.210526315789473450e+00 1.498411439515397615e+04 1.225284558003977065e+00
3.173913043478260754e+00 1.509725602829917443e+04 1.227200758957543547e+00
3.137931034482758896e+00 1.528564546528132087e+04 1.232948303057059380e+00
3.102564102564102200e+00 1.544957712207988152e+04 1.237257518415690427e+00
3.067796610169491345e+00 1.553287577346536273e+04 1.239883552435950609e+00
3.033613445378151141e+00 1.557366648865811476e+04 1.244055455952394640e+00
3.000000000000000000e+00 1.562814270661878254e+04 1.249026632768453604e+00
2.966101694915254328e+00 1.566029806784143875e+04 1.251228543913007751e+00
2.932773109243697718e+00 1.561682309757399344e+04 1.256425120877141310e+00
2.900000000000000355e+00 1.556686288456352304e+04 1.260581326059464935e+00
2.867768595041322754e+00 1.541092596030430104e+04 1.264066119985638670e+00
2.836065573770491621e+00 1.527948666184447575e+04 1.270555931397378435e+00
2.804878048780487632e+00 1.515954271624211651e+04 1.273056368012559059e+00
2.774193548387096531e+00 1.505226517194334338e+04 1.277823650852975446e+00
2.744000000000000217e+00 1.486062003188159360e+04 1.280219503166637018e+00
2.714285714285714413e+00 1.468925514177324294e+04 1.281562928554766723e+00
2.685039370078740273e+00 1.449726804722062116e+04 1.284259264130291456e+00
2.656250000000000444e+00 1.430728716853988590e+04 1.287639693730843859e+00
2.627906976744185830e+00 1.422675582876324006e+04 1.292234872663279299e+00
2.599999999999999645e+00 1.406454869978388342e+04 1.295439741500522324e+00
2.572519083969465381e+00 1.388919113360710435e+04 1.295795126395092201e+00
2.545454545454545414e+00 1.373688557432409289e+04 1.302008012071127041e+00
2.518796992481203034e+00 1.351458178103327373e+04 1.300859014182112361e+00
2.492537313432836132e+00 1.334269578080008432e+04 1.303359243034757808e+00
2.466666666666666785e+00 1.321823651763893213e+04 1.305213547313974320e+00
2.441176470588235503e+00 1.309458791068940991e+04 1.308283342979441155e+00
2.416058394160584211e+00 1.294438377534167557e+04 1.310173918440624696e+00
2.391304347826086918e+00 1.274551361801966959e+04 1.310973286551223582e+00
2.366906474820143824e+00 1.266762118648750584e+04 1.314631282721720584e+00
2.342857142857142971e+00 1.252591852566367743e+04 1.318049137297636175e+00
2.319148936170213116e+00 1.242633252005928443e+04 1.325236715574368729e+00
